9cc27cbf-cd7b-3ed0-b486-57ba22a03b54:
  Home:
    warden:
      X: 170.69999998807907
      Y: -49.0
      Z: 1064.0808458874326
      PITCH: 21.115908
      YAW: 116.010864
      World: world
92d8b901-6891-3cc5-a2df-34035521cf2e:
  Home:
    _Livic_:
      X: 136.67471795811224
      Y: 108.0
      Z: 942.2334482322649
      PITCH: 31.949982
      YAW: 41.686523
      World: world
    casa:
      X: 136.49219623118418
      Y: 108.0
      Z: 942.3541237914434
      PITCH: 39.600006
      YAW: -54.763428
      World: world
